#Label	Prediction	Pobability
0	1	0.999063
1	1	0.999819
2	1	0.992029
3	1	0.998660
4	1	0.997212
5	1	0.999672
6	1	0.998104
7	1	0.992274
8	1	0.910537
9	1	0.999899
10	1	0.998947
11	1	0.999811
12	1	0.999415
13	1	0.992839
14	1	0.990842
15	1	0.998311
16	1	0.999823
17	1	0.967719
18	1	0.998500
19	1	0.999157
20	1	0.997570
21	1	0.999692
22	1	0.996493
23	1	0.995586
24	1	0.999876
25	1	0.996179
26	1	0.954159
27	1	0.998297
28	1	0.999791
29	1	0.999835
30	1	0.998019
31	1	0.964987
32	1	0.995716
33	1	0.999581
34	1	0.999562
35	1	0.998554
36	1	0.996798
37	1	0.999320
38	1	0.997274
39	1	0.995623
40	1	0.999544
41	1	0.999519
42	1	0.999316
43	1	0.999716
44	1	0.995723
45	1	0.995886
46	1	0.999882
47	1	0.997863
48	1	0.999203
49	1	0.999402
50	1	0.999478
51	1	0.998486
52	1	0.998724
53	1	0.997672
54	1	0.999827
55	1	0.996801
56	1	0.996567
57	1	0.998837
58	1	0.999319
59	1	0.999341
60	1	0.999965
61	1	0.999349
62	1	0.901632
63	1	0.999679
64	1	0.999971
65	1	0.997418
66	1	0.911329
67	1	0.999671
68	1	0.999983
69	1	0.980681
70	1	0.999595
71	1	0.985496
72	1	0.999738
73	1	0.999887
74	1	0.994932
75	1	0.999808
76	1	0.999862
77	1	0.998720
78	1	0.999937
79	1	0.999067
80	1	0.997668
81	1	0.996817
82	1	0.593953
83	1	0.983373
84	1	0.999950
85	1	0.998592
86	1	0.999127
87	1	0.997906
88	1	0.999808
89	1	0.930607
90	1	0.995085
91	1	0.999534
92	1	0.995355
93	1	0.958675
94	1	0.999781
95	1	0.999976
96	1	0.999967
97	1	0.999249
98	1	0.995876
99	1	0.999433
100	1	0.999668
101	1	0.973648
102	1	0.996889
103	1	0.998996
104	1	0.999938
105	1	0.849991
106	1	0.999966
107	1	0.592521
108	1	0.999817
109	1	0.992344
110	1	0.999774
111	1	0.999520
112	1	0.999347
113	1	0.999202
114	1	0.994714
115	0	0.271616
116	1	0.999839
117	1	0.996973
118	1	0.997782
119	1	0.999521
120	1	0.999894
121	1	0.999970
122	1	0.994052
123	1	0.999117
124	1	0.994284
125	1	0.997748
126	1	0.884295
127	1	0.997069
128	1	0.999942
129	1	0.998393
130	1	0.999705
131	1	0.999636
132	1	0.999553
133	1	0.998066
134	1	0.999827
135	1	0.998255
136	1	0.991856
137	1	0.999513
138	1	0.996095
139	1	0.998577
140	1	0.999985
141	1	0.999729
142	1	0.999790
143	1	0.996002
144	1	0.994144
145	1	0.990294
146	1	0.999588
147	1	0.999675
148	1	0.999668
149	1	0.509054
150	1	0.527022
151	1	0.993311
152	1	0.992523
153	1	0.999640
154	1	0.998816
155	1	0.998429
156	1	0.999885
157	1	0.999962
158	1	0.996362
159	1	0.999852
160	1	0.999849
161	1	0.924391
162	1	0.963086
163	1	0.980301
164	0	0.112812
165	1	0.999400
166	1	0.999922
167	1	0.997672
168	1	0.999780
169	1	0.998699
170	1	0.993018
171	1	0.964043
172	1	0.997038
173	1	0.999761
174	1	0.999962
175	1	0.999860
176	1	0.904056
177	1	0.997139
178	1	0.998885
179	1	0.996909
180	1	0.998497
181	1	0.995789
182	1	0.995858
183	1	0.999897
184	1	0.999735
185	1	0.997840
186	1	0.995899
187	1	0.827323
188	1	0.999804
189	1	0.997187
190	1	0.997479
191	1	0.999557
192	1	0.999811
193	1	0.998386
194	1	0.999596
195	1	0.997840
196	1	0.641099
197	1	0.961893
198	1	0.997244
199	1	0.999705
200	1	0.961655
201	1	0.999388
202	1	0.983043
203	1	0.997557
204	1	0.996572
205	1	0.999474
206	1	0.999430
207	1	0.999933
208	1	0.999717
209	1	0.999879
210	1	0.999076
211	1	0.999317
212	1	0.999766
213	1	0.932144
214	1	0.997505
215	1	0.995807
216	1	0.995935
217	1	0.998821
218	1	0.999762
219	1	0.997832
220	1	0.999375
221	1	0.983297
222	1	0.991282
223	1	0.999071
224	1	0.999623
225	1	0.943466
226	1	0.999520
227	1	0.998088
228	1	0.999847
229	1	0.999883
230	1	0.986757
231	1	0.999891
232	1	0.927966
233	1	0.996859
234	1	0.998576
235	1	0.998796
236	1	0.999913
237	1	0.999727
238	1	0.968495
239	1	0.999533
240	1	0.958036
241	1	0.998034
242	1	0.997757
243	1	0.991709
244	1	0.999894
245	1	0.998501
246	1	0.968002
247	1	0.998600
248	1	0.999529
249	1	0.999157
250	1	0.707250
251	1	0.996065
252	1	0.999613
253	1	0.993515
254	1	0.999852
255	1	0.997015
256	1	0.999873
257	1	0.999506
258	1	0.998816
259	0	0.000049
260	0	0.001373
261	0	0.007401
262	0	0.007778
263	0	0.000074
264	0	0.000243
265	0	0.030983
266	0	0.000078
267	0	0.000044
268	0	0.000059
269	0	0.000076
270	0	0.000048
271	0	0.000059
272	0	0.000057
273	0	0.002344
274	0	0.000007
275	0	0.000176
276	0	0.000587
277	0	0.000108
278	0	0.004729
279	0	0.000388
280	0	0.000276
281	0	0.428697
282	0	0.000089
283	0	0.000046
284	0	0.000022
285	0	0.000027
286	0	0.000069
287	0	0.000257
288	0	0.023598
289	0	0.000104
290	0	0.000220
291	0	0.000111
292	0	0.000020
293	0	0.001076
294	0	0.000084
295	0	0.013455
296	0	0.000851
297	0	0.000450
298	0	0.000295
299	0	0.000072
300	0	0.000535
301	0	0.000270
302	0	0.002868
303	0	0.000023
304	0	0.000395
305	0	0.000187
306	0	0.000159
307	0	0.002551
308	0	0.033018
309	0	0.000639
310	0	0.001076
311	0	0.000064
312	0	0.000049
313	0	0.000125
314	0	0.000285
315	0	0.000037
316	0	0.000055
317	1	0.959511
318	0	0.000125
319	0	0.001235
320	0	0.000031
321	0	0.000047
322	0	0.021800
323	0	0.000071
324	0	0.000033
325	0	0.000351
326	0	0.000466
327	0	0.002203
328	0	0.000080
329	0	0.000196
330	0	0.048970
331	0	0.004705
332	0	0.000047
333	0	0.000030
334	0	0.050237
335	0	0.000075
336	0	0.008591
337	0	0.000042
338	0	0.000357
339	0	0.000062
340	1	0.642539
341	0	0.001669
342	0	0.000053
343	0	0.000059
344	0	0.000141
345	0	0.000343
346	0	0.032502
347	0	0.000531
348	0	0.003975
349	0	0.000910
350	0	0.000175
351	0	0.078563
352	1	0.510000
353	0	0.000590
354	0	0.000194
355	0	0.000065
356	0	0.001676
357	0	0.000366
358	0	0.000027
359	0	0.000110
360	0	0.000805
361	0	0.000060
362	0	0.000461
363	0	0.000756
364	0	0.000185
365	0	0.000085
366	0	0.000028
367	0	0.000106
368	0	0.000095
369	0	0.000051
370	0	0.000556
371	0	0.000194
372	0	0.001155
373	0	0.000864
374	0	0.001661
375	0	0.000075
376	0	0.000654
377	0	0.001162
378	1	0.992777
379	0	0.002014
380	0	0.000101
381	0	0.000198
382	0	0.001948
383	0	0.003481
384	0	0.003059
385	0	0.041438
386	0	0.000309
387	0	0.000027
388	0	0.000036
389	0	0.200127
390	0	0.000206
391	0	0.000021
392	0	0.000028
393	0	0.000416
394	0	0.000139
395	0	0.000082
396	0	0.000061
397	0	0.000042
398	0	0.000258
399	0	0.000148
400	0	0.000886
401	0	0.000261
402	1	0.877987
403	0	0.009170
404	0	0.000558
405	0	0.000076
406	0	0.001331
407	0	0.000327
408	0	0.007688
409	0	0.001001
410	0	0.000111
411	0	0.000220
412	0	0.000222
413	0	0.005266
414	0	0.000046
415	0	0.000034
416	0	0.000883
417	0	0.001087
418	0	0.000054
419	0	0.001134
420	0	0.000395
421	0	0.000610
422	0	0.001821
423	0	0.000193
424	0	0.000089
425	0	0.001276
426	0	0.000121
427	0	0.041225
428	0	0.000082
429	0	0.000136
430	0	0.055608
431	0	0.000120
432	0	0.000077
433	0	0.000024
434	0	0.000914
435	0	0.000520
436	0	0.023522
437	0	0.000098
438	0	0.000042
439	0	0.000151
440	0	0.000062
441	0	0.000581
442	0	0.001881
443	0	0.000347
444	0	0.005235
445	0	0.153577
446	0	0.000228
447	0	0.000144
448	0	0.000173
449	0	0.000176
450	0	0.000755
451	0	0.001141
452	0	0.000033
453	0	0.000025
454	0	0.001385
455	0	0.000364
456	0	0.000047
457	0	0.000062
458	0	0.000074
459	0	0.000224
460	0	0.000225
461	0	0.000071
462	1	0.818520
463	0	0.079698
464	0	0.000089
465	0	0.000648
466	0	0.000130
467	0	0.000653
468	0	0.000476
469	0	0.000117
470	0	0.009726
471	0	0.001048
472	0	0.399691
473	0	0.000053
474	0	0.000351
475	0	0.000180
476	0	0.000483
477	0	0.004237
478	0	0.000812
479	0	0.000942
480	0	0.000614
481	0	0.006010
482	0	0.000043
483	0	0.000020
484	0	0.000092
485	0	0.000043
486	0	0.000059
487	0	0.000194
488	0	0.004837
489	0	0.000062
490	0	0.000103
491	0	0.000089
492	0	0.000092
493	0	0.001724
494	0	0.000291
495	0	0.070186
496	0	0.000173
497	1	0.994104
498	0	0.000030
499	0	0.002188
500	0	0.001858
501	0	0.000079
502	0	0.003264
503	0	0.000448
504	0	0.000134
505	0	0.000501
506	0	0.000042
507	0	0.001296
508	0	0.000252
509	0	0.000055
510	1	0.675913
511	1	0.664056
512	1	0.889754
513	0	0.000185
514	0	0.004121
515	0	0.000045
516	0	0.000785
517	0	0.000133
