Label	Prediction	Pobability
1	1	0.994815
1	1	0.999066
1	1	0.998853
1	1	0.992334
1	1	0.996458
1	1	0.997781
1	1	0.998911
1	1	0.998982
1	1	0.996823
1	1	0.999890
1	1	0.993824
1	1	0.998746
1	1	0.998224
1	1	0.897108
1	1	0.999220
1	1	0.992943
1	1	0.999696
1	1	0.998442
1	1	0.998333
1	1	0.998316
1	1	0.998234
1	1	0.998259
1	1	0.999395
1	1	0.996744
1	1	0.999070
1	1	0.997602
1	1	0.998398
1	1	0.998943
1	1	0.999872
1	1	0.999598
1	1	0.998283
1	1	0.980307
1	1	0.999109
1	1	0.997293
1	1	0.998139
1	1	0.998850
1	1	0.997641
1	1	0.999856
1	1	0.999257
1	1	0.951856
1	1	0.997709
1	1	0.999227
1	1	0.996151
1	1	0.999658
1	1	0.994941
1	1	0.998267
1	1	0.999722
1	1	0.998623
1	1	0.999400
1	1	0.995890
1	1	0.998940
1	1	0.998905
1	1	0.997015
1	1	0.999297
1	1	0.999850
1	1	0.997915
1	1	0.998267
1	1	0.999418
1	1	0.999514
1	1	0.992241
1	1	0.999952
1	1	0.999258
1	1	0.996664
1	1	0.996010
1	1	0.999902
1	1	0.995669
1	1	0.930173
1	1	0.998340
1	1	0.999798
1	1	0.996500
1	1	0.998640
1	1	0.993359
1	1	0.999525
1	1	0.999449
1	1	0.998786
1	1	0.999572
1	1	0.998947
1	1	0.999736
1	1	0.999836
1	1	0.999061
1	1	0.999138
1	1	0.998588
1	1	0.999607
1	1	0.999027
1	1	0.999905
1	1	0.998273
1	1	0.999316
1	1	0.987032
1	1	0.999134
1	1	0.992800
1	1	0.999117
1	1	0.999217
1	1	0.999389
1	1	0.989896
1	1	0.999224
1	1	0.999928
1	1	0.999901
1	1	0.998727
1	1	0.990221
1	1	0.999375
1	1	0.999763
1	1	0.996849
1	1	0.981044
1	1	0.999640
1	1	0.999821
1	1	0.995634
1	1	0.999879
1	1	0.990527
1	1	0.999627
1	1	0.998819
1	1	0.998192
1	1	0.999135
1	1	0.998803
1	1	0.999749
1	1	0.996448
1	1	0.977160
1	1	0.999668
1	1	0.997444
1	1	0.999280
1	1	0.999754
1	1	0.999615
1	1	0.999809
1	1	0.998219
1	1	0.998848
1	1	0.997900
1	1	0.997870
1	1	0.979155
1	1	0.999512
1	1	0.999795
1	1	0.999295
1	1	0.998139
1	1	0.999794
1	1	0.997432
1	1	0.998308
1	1	0.999696
1	1	0.998898
1	1	0.999007
1	1	0.996701
1	1	0.999485
1	1	0.998048
1	1	0.999910
1	1	0.999430
1	1	0.998064
1	1	0.998304
1	1	0.995161
1	1	0.999092
1	1	0.999763
1	1	0.999774
1	1	0.999101
1	1	0.987714
1	1	0.995646
1	1	0.962754
1	1	0.995913
1	1	0.999700
1	1	0.991486
1	1	0.997374
1	1	0.999174
1	1	0.999736
1	1	0.999113
1	1	0.999611
1	1	0.999744
1	1	0.998741
1	1	0.973123
1	1	0.998279
1	1	0.882422
1	1	0.999529
1	1	0.999124
1	1	0.998570
1	1	0.998632
1	1	0.999723
1	1	0.998900
1	1	0.997259
1	1	0.969331
1	1	0.999882
1	1	0.990287
1	1	0.998941
1	1	0.903091
1	1	0.998775
1	1	0.999750
1	1	0.995596
1	1	0.998361
1	1	0.995163
1	1	0.999037
1	1	0.999099
1	1	0.999054
1	1	0.999076
1	1	0.999338
1	1	0.997702
1	1	0.998934
1	1	0.998912
1	1	0.997414
1	1	0.995370
1	1	0.998393
1	1	0.998811
1	1	0.997999
1	1	0.998920
1	1	0.990300
1	1	0.943247
1	1	0.999207
1	1	0.999396
1	1	0.985332
1	1	0.998222
1	1	0.987966
1	1	0.998665
1	1	0.999482
1	1	0.987782
1	1	0.998871
1	1	0.999148
1	1	0.998782
1	1	0.999782
1	1	0.998775
1	1	0.999741
1	1	0.999308
1	1	0.996971
1	1	0.999059
1	1	0.996966
1	1	0.999708
1	1	0.999605
1	1	0.998671
1	1	0.998175
1	1	0.997591
1	1	0.994131
1	1	0.998579
1	1	0.998434
1	1	0.999661
1	1	0.990538
1	1	0.999103
1	1	0.988351
1	1	0.999715
1	1	0.999134
1	1	0.999114
1	1	0.999774
1	1	0.995032
1	1	0.999433
1	1	0.998816
1	1	0.999762
1	1	0.999714
1	1	0.999337
1	1	0.990640
1	1	0.999000
1	1	0.997970
1	1	0.994583
1	1	0.994073
1	1	0.999203
1	1	0.999908
1	1	0.997981
1	1	0.996160
1	1	0.999525
1	1	0.999604
1	1	0.998667
1	1	0.951904
1	1	0.996370
1	1	0.999918
1	1	0.998436
1	1	0.999637
1	1	0.999137
1	1	0.999883
1	1	0.999567
1	1	0.997586
0	0	0.000087
0	0	0.001119
0	0	0.001890
0	1	0.898810
0	0	0.000061
0	0	0.000015
0	0	0.000989
0	0	0.000021
0	0	0.000030
0	0	0.000035
0	0	0.000191
0	0	0.049569
0	0	0.000012
0	0	0.000010
0	0	0.000518
0	0	0.000035
0	0	0.000014
0	0	0.279893
0	0	0.000048
0	0	0.101876
0	1	0.806189
0	0	0.000204
0	1	0.971344
0	0	0.000041
0	0	0.000021
0	0	0.000054
0	0	0.000238
0	0	0.000011
0	0	0.000072
0	1	0.741821
0	0	0.000055
0	0	0.000077
0	0	0.000014
0	0	0.000018
0	0	0.000666
0	0	0.000011
0	1	0.955505
0	0	0.136084
0	0	0.000109
0	0	0.000126
0	0	0.000018
0	0	0.000053
0	0	0.006438
0	0	0.456884
0	0	0.000032
0	0	0.000173
0	0	0.000038
0	0	0.000026
0	0	0.000033
0	0	0.077179
0	0	0.000305
0	0	0.004363
0	0	0.000019
0	0	0.000015
0	0	0.000049
0	0	0.001877
0	0	0.000009
0	0	0.000026
0	1	0.982816
0	0	0.000009
0	1	0.723743
0	0	0.000041
0	0	0.000020
0	0	0.000143
0	0	0.001776
0	0	0.000010
0	0	0.000218
0	0	0.001247
0	0	0.167051
0	0	0.000036
0	0	0.001549
0	0	0.001392
0	0	0.001327
0	0	0.000009
0	0	0.000014
0	0	0.199862
0	0	0.000017
0	0	0.000379
0	0	0.000025
0	0	0.002816
0	0	0.000025
0	1	0.974556
0	0	0.001284
0	0	0.000153
0	0	0.000057
0	0	0.000039
0	0	0.000040
0	1	0.917591
0	0	0.000045
0	0	0.000077
0	0	0.002317
0	0	0.000094
0	1	0.987994
0	0	0.070430
0	0	0.464639
0	0	0.000057
0	0	0.000051
0	0	0.015796
0	0	0.000055
0	0	0.000011
0	0	0.000061
0	0	0.007701
0	0	0.000018
0	0	0.001168
0	0	0.000134
0	0	0.000048
0	0	0.000083
0	0	0.000017
0	0	0.000358
0	0	0.000010
0	0	0.000021
0	0	0.000214
0	0	0.000076
0	0	0.000100
0	0	0.001242
0	0	0.000818
0	0	0.000021
0	0	0.001273
0	0	0.000118
0	1	0.996007
0	0	0.001486
0	0	0.000449
0	0	0.000200
0	0	0.000123
0	0	0.006082
0	0	0.003675
0	0	0.415302
0	0	0.000295
0	0	0.000029
0	0	0.000014
0	0	0.045422
0	0	0.000035
0	0	0.000002
0	0	0.000009
0	0	0.000017
0	0	0.000014
0	0	0.000056
0	0	0.000045
0	0	0.000029
0	0	0.000082
0	0	0.000028
0	0	0.000426
0	0	0.000052
0	1	0.991388
0	0	0.000176
0	0	0.003027
0	0	0.000026
0	0	0.000048
0	0	0.000159
0	0	0.000783
0	0	0.000127
0	0	0.000007
0	0	0.000019
0	0	0.001173
0	0	0.001073
0	0	0.000033
0	0	0.000021
0	0	0.000020
0	0	0.268752
0	0	0.000014
0	0	0.000230
0	0	0.282933
0	0	0.000027
0	0	0.000527
0	0	0.000178
0	0	0.000022
0	0	0.000085
0	0	0.000018
0	0	0.044155
0	0	0.000014
0	0	0.000051
0	0	0.001580
0	0	0.000018
0	0	0.002920
0	0	0.000055
0	0	0.001232
0	0	0.000264
0	0	0.341105
0	0	0.003176
0	0	0.000036
0	0	0.000021
0	0	0.000017
0	0	0.000086
0	0	0.000068
0	0	0.000025
0	0	0.000585
0	0	0.000158
0	0	0.004821
0	0	0.000022
0	0	0.000027
0	0	0.000067
0	0	0.000045
0	0	0.000045
0	0	0.000131
0	0	0.000019
0	0	0.000194
0	0	0.000728
0	0	0.000022
0	0	0.000012
0	0	0.000049
0	0	0.000029
0	0	0.000030
0	0	0.000023
0	1	0.989390
0	1	0.819195
0	0	0.000037
0	0	0.000076
0	0	0.000008
0	0	0.001223
0	0	0.000670
0	0	0.000014
0	0	0.002538
0	0	0.001620
0	1	0.662262
0	0	0.000162
0	0	0.000077
0	0	0.000026
0	0	0.087796
0	0	0.002047
0	0	0.000114
0	0	0.000710
0	0	0.000099
0	0	0.499325
0	0	0.000015
0	0	0.000034
0	0	0.000014
0	0	0.000037
0	0	0.000076
0	0	0.193225
0	0	0.002749
0	0	0.000030
0	0	0.000025
0	0	0.000070
0	0	0.000039
0	0	0.001963
0	0	0.000138
0	0	0.088668
0	0	0.000056
0	1	0.662867
0	0	0.000053
0	0	0.001518
0	0	0.000582
0	0	0.000007
0	0	0.000800
0	0	0.000994
0	0	0.000029
0	0	0.000456
0	0	0.000027
0	0	0.003790
0	0	0.000023
0	0	0.000055
0	1	0.988015
0	0	0.051333
0	1	0.969972
0	0	0.000173
0	0	0.000791
0	0	0.000015
0	0	0.000101
0	0	0.000058
